1.006447	-0.024741	-0.024863	-0.024158	-0.039261	-0.039531	-0.037088	-0.039163	-0.030371	-0.030334	-0.030579	-0.029599	-0.043213	-0.041624	-0.042471	-0.040288	-0.048687	-0.047853	-0.048618	-0.048465	-0.042444	-0.043577	-0.043636	-0.045454	-0.043663	-0.043334	-0.043211	
-0.024741	1.013327	-0.025483	-0.025664	-0.037780	-0.039720	-0.039782	-0.039231	-0.029657	-0.030054	-0.030996	-0.030901	-0.043670	-0.043369	-0.042316	-0.039696	-0.049993	-0.050063	-0.050092	-0.049100	-0.042146	-0.043439	-0.041773	-0.043956	-0.041880	-0.044183	-0.043469	
-0.024863	-0.025483	0.998895	-0.025315	-0.041100	-0.038800	-0.040202	-0.039344	-0.028159	-0.027702	-0.028819	-0.029097	-0.041735	-0.042979	-0.041223	-0.040373	-0.046832	-0.047489	-0.047849	-0.044350	-0.043705	-0.043935	-0.044597	-0.043613	-0.042570	-0.044507	-0.043988	
-0.024158	-0.025664	-0.025315	1.010542	-0.039476	-0.040358	-0.037654	-0.038111	-0.030194	-0.027743	-0.029799	-0.029209	-0.042221	-0.040112	-0.041766	-0.040545	-0.052119	-0.051889	-0.052202	-0.050934	-0.042609	-0.042631	-0.042892	-0.042603	-0.043269	-0.043832	-0.043019	
-0.039261	-0.037780	-0.041100	-0.039476	1.003772	-0.018049	-0.021353	-0.023256	-0.040112	-0.042640	-0.042122	-0.036580	-0.038704	-0.037601	-0.034417	-0.039383	-0.047127	-0.048303	-0.048948	-0.047878	-0.042638	-0.042362	-0.042901	-0.043668	-0.037024	-0.040283	-0.040560	
-0.039531	-0.039720	-0.038800	-0.040358	-0.018049	1.014788	-0.020843	-0.021516	-0.041387	-0.041062	-0.039854	-0.041783	-0.040182	-0.039340	-0.041500	-0.038461	-0.046133	-0.046594	-0.045996	-0.045814	-0.041442	-0.041794	-0.043631	-0.041513	-0.042888	-0.042559	-0.043900	
-0.037088	-0.039782	-0.040202	-0.037654	-0.021353	-0.020843	1.019128	-0.021632	-0.038968	-0.040980	-0.040900	-0.038402	-0.041094	-0.038251	-0.040207	-0.039187	-0.050002	-0.049369	-0.048774	-0.049305	-0.044098	-0.043798	-0.042746	-0.045968	-0.041093	-0.038374	-0.038926	
-0.039163	-0.039231	-0.039344	-0.038111	-0.023256	-0.021516	-0.021632	1.022470	-0.040950	-0.040571	-0.042881	-0.042831	-0.041272	-0.038736	-0.037652	-0.039076	-0.049117	-0.049639	-0.049357	-0.048668	-0.040356	-0.042750	-0.042365	-0.043814	-0.039871	-0.040808	-0.039429	
-0.030371	-0.029657	-0.028159	-0.030194	-0.040112	-0.041387	-0.038968	-0.040950	1.004939	-0.021559	-0.019577	-0.015571	-0.043363	-0.043083	-0.042387	-0.040139	-0.049631	-0.049518	-0.049026	-0.046299	-0.043683	-0.044657	-0.044094	-0.043536	-0.046922	-0.046403	-0.045472	
-0.030334	-0.030054	-0.027702	-0.027743	-0.042640	-0.041062	-0.040980	-0.040571	-0.021559	0.999932	-0.018523	-0.020329	-0.040884	-0.044374	-0.043335	-0.041883	-0.046094	-0.046145	-0.045517	-0.043200	-0.046355	-0.045365	-0.045203	-0.044996	-0.046460	-0.044589	-0.043791	
-0.030579	-0.030996	-0.028819	-0.029799	-0.042122	-0.039854	-0.040900	-0.042881	-0.019577	-0.018523	1.000336	-0.017521	-0.043169	-0.044562	-0.042246	-0.039947	-0.048007	-0.047562	-0.046526	-0.043606	-0.044110	-0.045487	-0.045107	-0.043109	-0.045544	-0.045285	-0.044254	
-0.029599	-0.030901	-0.029097	-0.029209	-0.036580	-0.041783	-0.038402	-0.042831	-0.015571	-0.020329	-0.017521	0.996526	-0.042816	-0.043935	-0.036212	-0.040496	-0.049905	-0.050734	-0.050334	-0.047947	-0.044551	-0.045366	-0.045098	-0.043425	-0.041274	-0.045698	-0.046633	
-0.043213	-0.043670	-0.041735	-0.042221	-0.038704	-0.040182	-0.041094	-0.041272	-0.043363	-0.040884	-0.043169	-0.042816	1.004594	-0.022834	-0.030677	-0.027088	-0.037658	-0.037235	-0.037766	-0.035358	-0.040341	-0.043152	-0.042270	-0.040997	-0.039115	-0.039341	-0.038258	
-0.041624	-0.043369	-0.042979	-0.040112	-0.037601	-0.039340	-0.038251	-0.038736	-0.043083	-0.044374	-0.044562	-0.043935	-0.022834	1.020437	-0.030455	-0.029859	-0.042756	-0.042498	-0.041555	-0.041244	-0.040932	-0.040774	-0.042763	-0.042164	-0.038543	-0.038076	-0.037966	
-0.042471	-0.042316	-0.041223	-0.041766	-0.034417	-0.041500	-0.040207	-0.037652	-0.042387	-0.043335	-0.042246	-0.036212	-0.030677	-0.030455	1.014775	-0.028509	-0.042414	-0.042573	-0.043151	-0.041091	-0.039845	-0.042969	-0.041217	-0.043113	-0.033035	-0.039467	-0.040415	
-0.040288	-0.039696	-0.040373	-0.040545	-0.039383	-0.038461	-0.039187	-0.039076	-0.040139	-0.041883	-0.039947	-0.040496	-0.027088	-0.029859	-0.028509	1.013079	-0.042270	-0.043511	-0.042770	-0.042169	-0.040688	-0.043009	-0.042040	-0.041228	-0.038435	-0.040481	-0.041428	
-0.048687	-0.049993	-0.046832	-0.052119	-0.047127	-0.046133	-0.050002	-0.049117	-0.049631	-0.046094	-0.048007	-0.049905	-0.037658	-0.042756	-0.042414	-0.042270	0.899690	0.050488	0.039525	0.081116	-0.051766	-0.054292	-0.055157	-0.049636	-0.041850	-0.039442	-0.039431	
-0.047853	-0.050063	-0.047489	-0.051889	-0.048303	-0.046594	-0.049369	-0.049639	-0.049518	-0.046145	-0.047562	-0.050734	-0.037235	-0.042498	-0.042573	-0.043511	0.050488	0.933158	0.035597	0.053891	-0.049792	-0.053202	-0.054798	-0.050753	-0.041522	-0.040992	-0.040865	
-0.048618	-0.050092	-0.047849	-0.052202	-0.048948	-0.045996	-0.048774	-0.049357	-0.049026	-0.045517	-0.046526	-0.050334	-0.037766	-0.041555	-0.043151	-0.042770	0.039525	0.035597	0.940160	0.049021	-0.050568	-0.052467	-0.054284	-0.047396	-0.040841	-0.039988	-0.040063	
-0.048465	-0.049100	-0.044350	-0.050934	-0.047878	-0.045814	-0.049305	-0.048668	-0.046299	-0.043200	-0.043606	-0.047947	-0.035358	-0.041244	-0.041091	-0.042169	0.081116	0.053891	0.049021	0.851962	-0.048418	-0.051440	-0.054214	-0.046763	-0.039175	-0.038447	-0.041145	
-0.042444	-0.042146	-0.043705	-0.042609	-0.042638	-0.041442	-0.044098	-0.040356	-0.043683	-0.046355	-0.044110	-0.044551	-0.040341	-0.040932	-0.039845	-0.040688	-0.051766	-0.049792	-0.050568	-0.048418	1.045497	-0.014455	-0.011723	-0.017892	-0.041804	-0.045027	-0.044213	
-0.043577	-0.043439	-0.043935	-0.042631	-0.042362	-0.041794	-0.043798	-0.042750	-0.044657	-0.045365	-0.045487	-0.045366	-0.043152	-0.040774	-0.042969	-0.043009	-0.054292	-0.053202	-0.052467	-0.051440	-0.014455	1.043743	-0.007180	0.005957	-0.042738	-0.044472	-0.044466	
-0.043636	-0.041773	-0.044597	-0.042892	-0.042901	-0.043631	-0.042746	-0.042365	-0.044094	-0.045203	-0.045107	-0.045098	-0.042270	-0.042763	-0.041217	-0.042040	-0.055157	-0.054798	-0.054284	-0.054214	-0.011723	-0.007180	1.052720	-0.003661	-0.043110	-0.043822	-0.042587	
-0.045454	-0.043956	-0.043613	-0.042603	-0.043668	-0.041513	-0.045968	-0.043814	-0.043536	-0.044996	-0.043109	-0.043425	-0.040997	-0.042164	-0.043113	-0.041228	-0.049636	-0.050753	-0.047396	-0.046763	-0.017892	0.005957	-0.003661	1.028185	-0.044102	-0.044418	-0.046340	
-0.043663	-0.041880	-0.042570	-0.043269	-0.037024	-0.042888	-0.041093	-0.039871	-0.046922	-0.046460	-0.045544	-0.041274	-0.039115	-0.038543	-0.033035	-0.038435	-0.041850	-0.041522	-0.040841	-0.039175	-0.041804	-0.042738	-0.043110	-0.044102	1.014458	-0.013174	-0.014453	
-0.043334	-0.044183	-0.044507	-0.043832	-0.040283	-0.042559	-0.038374	-0.040808	-0.046403	-0.044589	-0.045285	-0.045698	-0.039341	-0.038076	-0.039467	-0.040481	-0.039442	-0.040992	-0.039988	-0.038447	-0.045027	-0.044472	-0.043822	-0.044418	-0.013174	1.022981	-0.005963	
-0.043211	-0.043469	-0.043988	-0.043019	-0.040560	-0.043900	-0.038926	-0.039429	-0.045472	-0.043791	-0.044254	-0.046633	-0.038258	-0.037966	-0.040415	-0.041428	-0.039431	-0.040865	-0.040063	-0.041145	-0.044213	-0.044466	-0.042587	-0.046340	-0.014453	-0.005963	1.024273	
