1.012143	-0.005955	-0.005570	-0.002872	-0.021554	-0.021337	-0.016430	-0.019795	-0.007642	-0.009352	-0.011452	-0.008561	-0.024915	-0.022386	-0.020595	-0.021774	-0.034418	-0.032676	-0.033291	-0.035968	-0.020623	-0.021310	-0.018890	-0.022018	-0.022651	-0.021067	-0.020071	-0.023155	-0.025451	-0.026249	-0.030494	-0.027064	-0.024843	-0.026506	-0.022398	-0.024873	-0.025132	-0.024808	-0.026408	-0.023457	-0.025400	-0.024651	-0.025636	-0.028313	-0.030397	-0.026495	-0.029814	
-0.005955	1.015851	-0.005943	-0.004357	-0.020804	-0.021372	-0.018408	-0.018545	-0.010276	-0.009942	-0.011140	-0.008547	-0.023925	-0.022672	-0.021066	-0.021787	-0.036648	-0.034320	-0.032788	-0.037054	-0.019925	-0.020538	-0.017996	-0.021737	-0.020626	-0.022539	-0.021504	-0.024186	-0.024995	-0.028321	-0.030976	-0.023803	-0.025788	-0.026069	-0.024622	-0.023138	-0.024608	-0.026784	-0.024735	-0.022141	-0.020966	-0.022153	-0.022897	-0.030049	-0.031972	-0.028006	-0.031843	
-0.005570	-0.005943	1.008722	-0.005926	-0.025229	-0.022816	-0.022336	-0.022112	-0.008815	-0.008726	-0.012241	-0.010546	-0.025764	-0.023286	-0.020553	-0.020134	-0.032274	-0.031102	-0.030716	-0.032907	-0.021012	-0.023723	-0.021339	-0.024444	-0.022329	-0.023139	-0.023066	-0.022587	-0.026533	-0.024164	-0.027079	-0.023624	-0.022176	-0.025073	-0.024357	-0.023406	-0.023801	-0.025660	-0.024431	-0.024050	-0.022622	-0.026422	-0.025192	-0.024350	-0.027261	-0.025916	-0.026553	
-0.002872	-0.004357	-0.005926	1.011648	-0.020495	-0.020188	-0.018373	-0.018706	-0.009785	-0.010699	-0.011445	-0.008466	-0.023761	-0.021318	-0.021155	-0.021117	-0.036424	-0.036937	-0.035096	-0.039196	-0.023774	-0.022121	-0.020288	-0.022607	-0.019714	-0.020881	-0.021174	-0.023231	-0.023594	-0.027708	-0.028431	-0.026418	-0.025807	-0.029484	-0.026065	-0.020916	-0.023913	-0.023677	-0.024072	-0.021286	-0.023433	-0.023989	-0.023157	-0.027535	-0.030030	-0.023890	-0.030689	
-0.021554	-0.020804	-0.025229	-0.020495	1.002991	-0.003799	-0.005968	-0.006296	-0.024614	-0.025043	-0.025556	-0.020738	-0.021382	-0.019355	-0.018628	-0.020249	-0.035242	-0.035442	-0.034184	-0.038827	-0.023254	-0.021665	-0.021169	-0.026054	-0.016305	-0.020739	-0.021268	-0.020893	-0.022973	-0.021447	-0.029218	-0.022556	-0.023779	-0.025971	-0.020176	-0.013984	-0.013206	-0.015670	-0.013190	-0.021461	-0.020273	-0.014522	-0.022699	-0.029481	-0.029189	-0.026774	-0.034121	
-0.021337	-0.021372	-0.022816	-0.020188	-0.003799	1.012601	-0.005292	-0.007307	-0.024770	-0.024657	-0.022628	-0.025171	-0.025459	-0.022932	-0.022490	-0.021953	-0.034235	-0.035862	-0.033292	-0.035878	-0.023962	-0.021923	-0.022880	-0.023301	-0.026367	-0.024234	-0.023806	-0.022091	-0.021002	-0.025620	-0.025023	-0.025747	-0.021976	-0.023511	-0.024889	-0.017819	-0.013521	-0.015646	-0.014186	-0.019776	-0.013784	-0.012301	-0.016376	-0.029261	-0.027500	-0.026509	-0.030733	
-0.016430	-0.018408	-0.022336	-0.018373	-0.005968	-0.005292	1.009922	-0.002918	-0.018576	-0.021299	-0.019218	-0.017631	-0.023825	-0.016470	-0.020179	-0.020339	-0.036849	-0.034653	-0.033638	-0.039222	-0.023778	-0.021305	-0.020279	-0.025501	-0.018737	-0.016888	-0.015455	-0.022126	-0.021527	-0.028949	-0.030153	-0.024775	-0.026073	-0.028300	-0.024835	-0.019580	-0.017040	-0.022565	-0.020794	-0.018802	-0.018452	-0.018139	-0.022359	-0.032010	-0.031281	-0.025415	-0.035680	
-0.019795	-0.018545	-0.022112	-0.018706	-0.006296	-0.007307	-0.002918	1.012072	-0.020459	-0.020981	-0.022531	-0.022081	-0.022674	-0.019233	-0.017856	-0.021596	-0.037998	-0.035527	-0.035832	-0.038222	-0.019990	-0.020357	-0.019967	-0.022676	-0.020290	-0.019392	-0.017470	-0.022848	-0.019809	-0.025097	-0.030009	-0.024169	-0.024779	-0.024566	-0.026736	-0.015609	-0.016385	-0.021576	-0.018598	-0.021031	-0.016389	-0.018307	-0.025089	-0.031591	-0.030488	-0.025833	-0.034878	
-0.007642	-0.010276	-0.008815	-0.009785	-0.024614	-0.024770	-0.018576	-0.020459	1.013709	-0.001714	0.000784	0.003172	-0.022966	-0.024089	-0.023694	-0.020327	-0.036332	-0.035428	-0.033661	-0.035637	-0.022060	-0.021984	-0.020332	-0.023923	-0.026585	-0.023196	-0.024003	-0.024651	-0.024587	-0.026698	-0.028235	-0.022663	-0.026907	-0.027631	-0.025025	-0.023452	-0.021269	-0.028507	-0.025091	-0.019989	-0.020502	-0.023868	-0.024207	-0.027991	-0.030661	-0.027438	-0.030027	
-0.009352	-0.009942	-0.008726	-0.010699	-0.025043	-0.024657	-0.021299	-0.020981	-0.001714	1.010637	0.000745	-0.000902	-0.026961	-0.026250	-0.024440	-0.022270	-0.032623	-0.032162	-0.030221	-0.032185	-0.023697	-0.023345	-0.024148	-0.024843	-0.025480	-0.022419	-0.022661	-0.025004	-0.024186	-0.028237	-0.026712	-0.023923	-0.025227	-0.026618	-0.023836	-0.023024	-0.023101	-0.025965	-0.024003	-0.021044	-0.022118	-0.025378	-0.023229	-0.025359	-0.027956	-0.025302	-0.026768	
-0.011452	-0.011140	-0.012241	-0.011445	-0.025556	-0.022628	-0.019218	-0.022531	0.000784	0.000745	1.013800	0.001032	-0.027177	-0.024681	-0.024738	-0.022779	-0.034577	-0.032495	-0.031578	-0.033908	-0.023876	-0.024049	-0.022680	-0.022841	-0.024388	-0.021786	-0.021111	-0.023946	-0.026366	-0.026243	-0.027890	-0.022349	-0.026274	-0.026231	-0.024047	-0.025128	-0.023174	-0.025513	-0.027108	-0.021778	-0.018647	-0.024695	-0.024628	-0.026237	-0.028597	-0.024984	-0.026283	
-0.008561	-0.008547	-0.010546	-0.008466	-0.020738	-0.025171	-0.017631	-0.022081	0.003172	-0.000902	0.001032	1.002995	-0.023854	-0.023902	-0.019168	-0.022430	-0.037923	-0.035272	-0.032957	-0.036462	-0.024832	-0.021992	-0.022993	-0.022030	-0.019007	-0.023394	-0.024703	-0.027567	-0.025773	-0.024287	-0.031523	-0.023501	-0.029231	-0.028151	-0.021433	-0.021027	-0.019639	-0.021802	-0.020665	-0.023566	-0.022578	-0.017196	-0.024476	-0.031259	-0.032186	-0.027203	-0.033048	
-0.024915	-0.023925	-0.025764	-0.023761	-0.021382	-0.025459	-0.023825	-0.022674	-0.022966	-0.026961	-0.027177	-0.023854	1.015163	-0.001748	-0.013399	-0.007751	-0.022912	-0.021749	-0.018913	-0.024906	-0.020073	-0.019862	-0.021886	-0.023366	-0.017866	-0.017626	-0.018697	-0.021650	-0.020136	-0.024099	-0.025149	-0.024957	-0.023955	-0.023972	-0.023943	-0.023663	-0.025441	-0.025917	-0.025498	-0.024377	-0.023625	-0.024346	-0.025437	-0.025668	-0.022858	-0.022027	-0.027747	
-0.022386	-0.022672	-0.023286	-0.021318	-0.019355	-0.022932	-0.016470	-0.019233	-0.024089	-0.026250	-0.024681	-0.023902	-0.001748	1.017036	-0.012013	-0.006718	-0.027958	-0.026343	-0.022509	-0.028519	-0.016957	-0.019966	-0.019260	-0.022160	-0.015276	-0.014204	-0.013994	-0.020514	-0.023305	-0.027471	-0.030593	-0.026450	-0.025453	-0.023864	-0.022989	-0.024953	-0.024650	-0.027071	-0.026840	-0.022113	-0.022729	-0.023671	-0.027451	-0.028668	-0.029107	-0.024071	-0.033538	
-0.020595	-0.021066	-0.020553	-0.021155	-0.018628	-0.022490	-0.020179	-0.017856	-0.023694	-0.024440	-0.024738	-0.019168	-0.013399	-0.012013	1.008341	-0.009032	-0.028178	-0.026804	-0.026397	-0.029404	-0.018591	-0.021988	-0.019980	-0.021423	-0.011503	-0.018706	-0.018320	-0.021164	-0.024470	-0.021034	-0.030131	-0.022829	-0.023256	-0.026267	-0.018973	-0.018429	-0.019416	-0.022943	-0.022088	-0.024188	-0.023467	-0.020157	-0.027046	-0.032050	-0.031066	-0.026243	-0.035386	
-0.021774	-0.021787	-0.020134	-0.021117	-0.020249	-0.021953	-0.020339	-0.021596	-0.020327	-0.022270	-0.022779	-0.022430	-0.007751	-0.006718	-0.009032	1.017146	-0.027798	-0.027786	-0.026728	-0.029315	-0.021010	-0.019072	-0.019527	-0.022403	-0.017877	-0.020223	-0.018327	-0.023748	-0.024346	-0.023795	-0.027297	-0.022332	-0.024140	-0.024496	-0.024940	-0.026751	-0.024347	-0.025115	-0.026007	-0.022484	-0.022010	-0.027526	-0.027142	-0.025240	-0.026377	-0.023480	-0.027954	
-0.034418	-0.036648	-0.032274	-0.036424	-0.035242	-0.034235	-0.036849	-0.037998	-0.036332	-0.032623	-0.034577	-0.037923	-0.022912	-0.027958	-0.028178	-0.027798	0.938547	0.069338	0.060002	0.102324	-0.035324	-0.037230	-0.039438	-0.033367	-0.025027	-0.023062	-0.024242	-0.029160	-0.029947	-0.013931	-0.005984	-0.021545	-0.020828	-0.017315	-0.025275	-0.033750	-0.029998	-0.025616	-0.029912	-0.030488	-0.031459	-0.032499	-0.026323	-0.006725	-0.005611	-0.020594	0.003991	
-0.032676	-0.034320	-0.031102	-0.036937	-0.035442	-0.035862	-0.034653	-0.035527	-0.035428	-0.032162	-0.032495	-0.035272	-0.021749	-0.026343	-0.026804	-0.027786	0.069338	0.957586	0.052308	0.075207	-0.032434	-0.035440	-0.036221	-0.033673	-0.023317	-0.022510	-0.023402	-0.030381	-0.029514	-0.016755	-0.010864	-0.022461	-0.020851	-0.017812	-0.023551	-0.030468	-0.029036	-0.025024	-0.029562	-0.030405	-0.031038	-0.030286	-0.026464	-0.009886	-0.009507	-0.020701	-0.001253	
-0.033291	-0.032788	-0.030716	-0.035096	-0.034184	-0.033292	-0.033638	-0.035832	-0.033661	-0.030221	-0.031578	-0.032957	-0.018913	-0.022509	-0.026397	-0.026728	0.060002	0.052308	0.967854	0.069617	-0.032240	-0.033260	-0.035893	-0.032426	-0.021535	-0.019460	-0.022188	-0.027812	-0.028757	-0.020331	-0.012520	-0.023615	-0.022587	-0.019708	-0.027005	-0.031612	-0.030833	-0.027998	-0.028729	-0.030057	-0.031548	-0.031033	-0.026541	-0.012259	-0.011639	-0.024234	-0.005133	
-0.035968	-0.037054	-0.032907	-0.039196	-0.038827	-0.035878	-0.039222	-0.038222	-0.035637	-0.032185	-0.033908	-0.036462	-0.024906	-0.028519	-0.029404	-0.029315	0.102324	0.075207	0.069617	0.899755	-0.033176	-0.038632	-0.040496	-0.033297	-0.025973	-0.023541	-0.027609	-0.027516	-0.028459	-0.008288	0.000091	-0.020830	-0.021041	-0.014562	-0.024441	-0.032347	-0.031271	-0.022984	-0.029218	-0.032534	-0.032120	-0.031512	-0.025680	-0.000741	0.000801	-0.020522	0.014204	
-0.020623	-0.019925	-0.021012	-0.023774	-0.023254	-0.023962	-0.023778	-0.019990	-0.022060	-0.023697	-0.023876	-0.024832	-0.020073	-0.016957	-0.018591	-0.021010	-0.035324	-0.032434	-0.032240	-0.033176	1.030637	0.004665	0.007665	0.002017	-0.017763	-0.021412	-0.020974	-0.023065	-0.021016	-0.026208	-0.028326	-0.022725	-0.022314	-0.024734	-0.022994	-0.025564	-0.026990	-0.027498	-0.024833	-0.024903	-0.024536	-0.027167	-0.027265	-0.031711	-0.029548	-0.026562	-0.029073	
-0.021310	-0.020538	-0.023723	-0.022121	-0.021665	-0.021923	-0.021305	-0.020357	-0.021984	-0.023345	-0.024049	-0.021992	-0.019862	-0.019966	-0.021988	-0.019072	-0.037230	-0.035440	-0.033260	-0.038632	0.004665	1.032330	0.009908	0.018717	-0.018563	-0.019661	-0.019229	-0.024173	-0.025323	-0.027901	-0.030554	-0.024355	-0.025032	-0.024348	-0.025760	-0.024959	-0.025928	-0.028630	-0.025115	-0.021582	-0.023461	-0.025320	-0.026603	-0.031744	-0.032785	-0.025611	-0.031977	
-0.018890	-0.017996	-0.021339	-0.020288	-0.021169	-0.022880	-0.020279	-0.019967	-0.020332	-0.024148	-0.022680	-0.022993	-0.021886	-0.019260	-0.019980	-0.019527	-0.039438	-0.036221	-0.035893	-0.040496	0.007665	0.009908	1.037217	0.013882	-0.017728	-0.020084	-0.018921	-0.021431	-0.023501	-0.028228	-0.031986	-0.023499	-0.024415	-0.024834	-0.024145	-0.024342	-0.027716	-0.029175	-0.025709	-0.023091	-0.024743	-0.025885	-0.029106	-0.033334	-0.033197	-0.026668	-0.034079	
-0.022018	-0.021737	-0.024444	-0.022607	-0.026054	-0.023301	-0.025501	-0.022676	-0.023923	-0.024843	-0.022841	-0.022030	-0.023366	-0.022160	-0.021423	-0.022403	-0.033367	-0.033673	-0.032426	-0.033297	0.002017	0.018717	0.013882	1.023333	-0.020940	-0.021531	-0.023680	-0.023163	-0.022919	-0.024727	-0.026586	-0.023608	-0.021974	-0.022114	-0.026287	-0.025877	-0.024908	-0.025008	-0.023773	-0.022223	-0.027774	-0.024064	-0.024891	-0.029343	-0.029193	-0.025086	-0.026906	
-0.022651	-0.020626	-0.022329	-0.019714	-0.016305	-0.026367	-0.018737	-0.020290	-0.026585	-0.025480	-0.024388	-0.019007	-0.017866	-0.015276	-0.011503	-0.017877	-0.025027	-0.023317	-0.021535	-0.025973	-0.017763	-0.018563	-0.017728	-0.020940	1.011200	0.006913	0.007734	-0.027722	-0.025669	-0.026518	-0.035270	-0.027278	-0.027814	-0.027926	-0.021940	-0.021804	-0.022597	-0.024459	-0.022107	-0.025468	-0.026589	-0.020672	-0.027311	-0.033491	-0.032966	-0.027328	-0.037658	
-0.021067	-0.022539	-0.023139	-0.020881	-0.020739	-0.024234	-0.016888	-0.019392	-0.023196	-0.022419	-0.021786	-0.023394	-0.017626	-0.014204	-0.018706	-0.020223	-0.023062	-0.022510	-0.019460	-0.023541	-0.021412	-0.019661	-0.020084	-0.021531	0.006913	1.015489	0.017484	-0.023512	-0.024238	-0.030157	-0.033960	-0.025681	-0.026150	-0.027586	-0.024708	-0.025506	-0.026698	-0.028899	-0.026097	-0.023251	-0.025788	-0.027544	-0.028062	-0.031702	-0.031186	-0.027533	-0.032601	
-0.020071	-0.021504	-0.023066	-0.021174	-0.021268	-0.023806	-0.015455	-0.017470	-0.024003	-0.022661	-0.021111	-0.024703	-0.018697	-0.013994	-0.018320	-0.018327	-0.024242	-0.023402	-0.022188	-0.027609	-0.020974	-0.019229	-0.018921	-0.023680	0.007734	0.017484	1.019322	-0.024811	-0.025751	-0.027632	-0.036602	-0.025438	-0.025951	-0.027737	-0.025761	-0.025012	-0.027262	-0.029907	-0.027270	-0.023434	-0.023626	-0.024993	-0.026604	-0.032278	-0.030683	-0.024950	-0.035641	
-0.023155	-0.024186	-0.022587	-0.023231	-0.020893	-0.022091	-0.022126	-0.022848	-0.024651	-0.025004	-0.023946	-0.027567	-0.021650	-0.020514	-0.021164	-0.023748	-0.029160	-0.030381	-0.027812	-0.027516	-0.023065	-0.024173	-0.021431	-0.023163	-0.027722	-0.023512	-0.024811	1.009783	-0.005987	-0.011911	-0.005843	-0.023941	-0.021481	-0.019763	-0.022146	-0.019494	-0.022143	-0.022175	-0.021443	-0.020803	-0.022358	-0.021184	-0.020544	-0.022332	-0.023029	-0.021556	-0.022252	
-0.025451	-0.024995	-0.026533	-0.023594	-0.022973	-0.021002	-0.021527	-0.019809	-0.024587	-0.024186	-0.026366	-0.025773	-0.020136	-0.023305	-0.024470	-0.024346	-0.029947	-0.029514	-0.028757	-0.028459	-0.021016	-0.025323	-0.023501	-0.022919	-0.025669	-0.024238	-0.025751	-0.005987	1.012377	-0.018699	0.012233	-0.023111	-0.021167	-0.019778	-0.024045	-0.021054	-0.021150	-0.021239	-0.023633	-0.019780	-0.022056	-0.020081	-0.020656	-0.022351	-0.021012	-0.023865	-0.023563	
-0.026249	-0.028321	-0.024164	-0.027708	-0.021447	-0.025620	-0.028949	-0.025097	-0.026698	-0.028237	-0.026243	-0.024287	-0.024099	-0.027471	-0.021034	-0.023795	-0.013931	-0.016755	-0.020331	-0.008288	-0.026208	-0.027901	-0.028228	-0.024727	-0.026518	-0.030157	-0.027632	-0.011911	-0.018699	0.967314	-0.007155	-0.021922	-0.017590	-0.015523	-0.016663	-0.017139	-0.017822	-0.015972	-0.018816	-0.019704	-0.023409	-0.017836	-0.018921	-0.013130	-0.014076	-0.022039	-0.011312	
-0.030494	-0.030976	-0.027079	-0.028431	-0.029218	-0.025023	-0.030153	-0.030009	-0.028235	-0.026712	-0.027890	-0.031523	-0.025149	-0.030593	-0.030131	-0.027297	-0.005984	-0.010864	-0.012520	0.000091	-0.028326	-0.030554	-0.031986	-0.026586	-0.035270	-0.033960	-0.036602	-0.005843	0.012233	-0.007155	0.969818	-0.020614	-0.017256	-0.011493	-0.021506	-0.021391	-0.023368	-0.018124	-0.021946	-0.025577	-0.025351	-0.023829	-0.016225	-0.003846	-0.003935	-0.016717	0.001004	
-0.027064	-0.023803	-0.023624	-0.026418	-0.022556	-0.025747	-0.024775	-0.024169	-0.022663	-0.023923	-0.022349	-0.023501	-0.024957	-0.026450	-0.022829	-0.022332	-0.021545	-0.022461	-0.023615	-0.020830	-0.022725	-0.024355	-0.023499	-0.023608	-0.027278	-0.025681	-0.025438	-0.023941	-0.023111	-0.021922	-0.020614	1.008599	0.000173	-0.009620	-0.008328	-0.020901	-0.023122	-0.024279	-0.025040	-0.020395	-0.022741	-0.024330	-0.022431	-0.020131	-0.021262	-0.021090	-0.020086	
-0.024843	-0.025788	-0.022176	-0.025807	-0.023779	-0.021976	-0.026073	-0.024779	-0.026907	-0.025227	-0.026274	-0.029231	-0.023955	-0.025453	-0.023256	-0.024140	-0.020828	-0.020851	-0.022587	-0.021041	-0.022314	-0.025032	-0.024415	-0.021974	-0.027814	-0.026150	-0.025951	-0.021481	-0.021167	-0.017590	-0.017256	0.000173	1.006517	-0.009908	-0.007751	-0.023881	-0.024734	-0.022406	-0.024918	-0.024048	-0.023076	-0.023813	-0.021636	-0.019372	-0.018033	-0.021473	-0.018283	
-0.026506	-0.026069	-0.025073	-0.029484	-0.025971	-0.023511	-0.028300	-0.024566	-0.027631	-0.026618	-0.026231	-0.028151	-0.023972	-0.023864	-0.026267	-0.024496	-0.017315	-0.017812	-0.019708	-0.014562	-0.024734	-0.024348	-0.024834	-0.022114	-0.027926	-0.027586	-0.027737	-0.019763	-0.019778	-0.015523	-0.011493	-0.009620	-0.009908	0.987444	-0.008040	-0.023376	-0.022577	-0.021929	-0.022347	-0.022083	-0.022821	-0.023878	-0.020681	-0.014902	-0.012537	-0.021389	-0.012019	
-0.022398	-0.024622	-0.024357	-0.026065	-0.020176	-0.024889	-0.024835	-0.026736	-0.025025	-0.023836	-0.024047	-0.021433	-0.023943	-0.022989	-0.018973	-0.024940	-0.025275	-0.023551	-0.027005	-0.024441	-0.022994	-0.025760	-0.024145	-0.026287	-0.021940	-0.024708	-0.025761	-0.022146	-0.024045	-0.016663	-0.021506	-0.008328	-0.007751	-0.008040	0.992980	-0.018654	-0.019860	-0.018287	-0.020670	-0.024659	-0.021695	-0.017743	-0.022932	-0.020492	-0.020004	-0.020744	-0.020172	
-0.024873	-0.023138	-0.023406	-0.020916	-0.013984	-0.017819	-0.019580	-0.015609	-0.023452	-0.023024	-0.025128	-0.021027	-0.023663	-0.024953	-0.018429	-0.026751	-0.033750	-0.030468	-0.031612	-0.032347	-0.025564	-0.024959	-0.024342	-0.025877	-0.021804	-0.025506	-0.025012	-0.019494	-0.021054	-0.017139	-0.021391	-0.020901	-0.023881	-0.023376	-0.018654	0.998982	-0.010657	-0.007741	-0.005233	-0.019458	-0.015538	-0.014120	-0.020418	-0.026853	-0.025003	-0.025772	-0.027816	
-0.025132	-0.024608	-0.023801	-0.023913	-0.013206	-0.013521	-0.017040	-0.016385	-0.021269	-0.023101	-0.023174	-0.019639	-0.025441	-0.024650	-0.019416	-0.024347	-0.029998	-0.029036	-0.030833	-0.031271	-0.026990	-0.025928	-0.027716	-0.024908	-0.022597	-0.026698	-0.027262	-0.022143	-0.021150	-0.017822	-0.023368	-0.023122	-0.024734	-0.022577	-0.019860	-0.010657	1.000126	-0.005786	-0.009217	-0.019164	-0.017028	-0.013483	-0.017431	-0.027933	-0.024855	-0.023623	-0.026840	
-0.024808	-0.026784	-0.025660	-0.023677	-0.015670	-0.015646	-0.022565	-0.021576	-0.028507	-0.025965	-0.025513	-0.021802	-0.025917	-0.027071	-0.022943	-0.025115	-0.025616	-0.025024	-0.027998	-0.022984	-0.027498	-0.028630	-0.029175	-0.025008	-0.024459	-0.028899	-0.029907	-0.022175	-0.021239	-0.015972	-0.018124	-0.024279	-0.022406	-0.021929	-0.018287	-0.007741	-0.005786	0.991931	-0.003278	-0.020849	-0.020547	-0.012876	-0.017327	-0.018108	-0.017651	-0.021578	-0.019940	
-0.026408	-0.024735	-0.024431	-0.024072	-0.013190	-0.014186	-0.020794	-0.018598	-0.025091	-0.024003	-0.027108	-0.020665	-0.025498	-0.026840	-0.022088	-0.026007	-0.029912	-0.029562	-0.028729	-0.029218	-0.024833	-0.025115	-0.025709	-0.023773	-0.022107	-0.026097	-0.027270	-0.021443	-0.023633	-0.018816	-0.021946	-0.025040	-0.024918	-0.022347	-0.020670	-0.005233	-0.009217	-0.003278	0.992806	-0.019589	-0.016598	-0.012080	-0.016140	-0.021219	-0.021209	-0.023604	-0.022281	
-0.023457	-0.022141	-0.024050	-0.021286	-0.021461	-0.019776	-0.018802	-0.021031	-0.019989	-0.021044	-0.021778	-0.023566	-0.024377	-0.022113	-0.024188	-0.022484	-0.030488	-0.030405	-0.030057	-0.032534	-0.024903	-0.021582	-0.023091	-0.022223	-0.025468	-0.023251	-0.023434	-0.020803	-0.019780	-0.019704	-0.025577	-0.020395	-0.024048	-0.022083	-0.024659	-0.019458	-0.019164	-0.020849	-0.019589	1.015731	-0.008217	-0.012591	-0.007703	-0.025242	-0.026931	-0.026228	-0.026419	
-0.025400	-0.020966	-0.022622	-0.023433	-0.020273	-0.013784	-0.018452	-0.016389	-0.020502	-0.022118	-0.018647	-0.022578	-0.023625	-0.022729	-0.023467	-0.022010	-0.031459	-0.031038	-0.031548	-0.032120	-0.024536	-0.023461	-0.024743	-0.027774	-0.026589	-0.025788	-0.023626	-0.022358	-0.022056	-0.023409	-0.025351	-0.022741	-0.023076	-0.022821	-0.021695	-0.015538	-0.017028	-0.020547	-0.016598	-0.008217	1.012340	-0.009909	-0.011858	-0.024824	-0.024975	-0.024358	-0.027925	
-0.024651	-0.022153	-0.026422	-0.023989	-0.014522	-0.012301	-0.018139	-0.018307	-0.023868	-0.025378	-0.024695	-0.017196	-0.024346	-0.023671	-0.020157	-0.027526	-0.032499	-0.030286	-0.031033	-0.031512	-0.027167	-0.025320	-0.025885	-0.024064	-0.020672	-0.027544	-0.024993	-0.021184	-0.020081	-0.017836	-0.023829	-0.024330	-0.023813	-0.023878	-0.017743	-0.014120	-0.013483	-0.012876	-0.012080	-0.012591	-0.009909	1.000686	-0.011762	-0.027555	-0.026743	-0.024294	-0.026808	
-0.025636	-0.022897	-0.025192	-0.023157	-0.022699	-0.016376	-0.022359	-0.025089	-0.024207	-0.023229	-0.024628	-0.024476	-0.025437	-0.027451	-0.027046	-0.027142	-0.026323	-0.026464	-0.026541	-0.025680	-0.027265	-0.026603	-0.029106	-0.024891	-0.027311	-0.028062	-0.026604	-0.020544	-0.020656	-0.018921	-0.016225	-0.022431	-0.021636	-0.020681	-0.022932	-0.020418	-0.017431	-0.017327	-0.016140	-0.007703	-0.011858	-0.011762	1.006719	-0.016969	-0.017430	-0.021503	-0.015017	
-0.028313	-0.030049	-0.024350	-0.027535	-0.029481	-0.029261	-0.032010	-0.031591	-0.027991	-0.025359	-0.026237	-0.031259	-0.025668	-0.028668	-0.032050	-0.025240	-0.006725	-0.009886	-0.012259	-0.000741	-0.031711	-0.031744	-0.033334	-0.029343	-0.033491	-0.031702	-0.032278	-0.022332	-0.022351	-0.013130	-0.003846	-0.020131	-0.019372	-0.014902	-0.020492	-0.026853	-0.027933	-0.018108	-0.021219	-0.025242	-0.024824	-0.027555	-0.016969	0.976818	0.013404	0.003149	0.027398	
-0.030397	-0.031972	-0.027261	-0.030030	-0.029189	-0.027500	-0.031281	-0.030488	-0.030661	-0.027956	-0.028597	-0.032186	-0.022858	-0.029107	-0.031066	-0.026377	-0.005611	-0.009507	-0.011639	0.000801	-0.029548	-0.032785	-0.033197	-0.029193	-0.032966	-0.031186	-0.030683	-0.023029	-0.021012	-0.014076	-0.003935	-0.021262	-0.018033	-0.012537	-0.020004	-0.025003	-0.024855	-0.017651	-0.021209	-0.026931	-0.024975	-0.026743	-0.017430	0.013404	0.972276	0.009372	0.023353	
-0.026495	-0.028006	-0.025916	-0.023890	-0.026774	-0.026509	-0.025415	-0.025833	-0.027438	-0.025302	-0.024984	-0.027203	-0.022027	-0.024071	-0.026243	-0.023480	-0.020594	-0.020701	-0.024234	-0.020522	-0.026562	-0.025611	-0.026668	-0.025086	-0.027328	-0.027533	-0.024950	-0.021556	-0.023865	-0.022039	-0.016717	-0.021090	-0.021473	-0.021389	-0.020744	-0.025772	-0.023623	-0.021578	-0.023604	-0.026228	-0.024358	-0.024294	-0.021503	0.003149	0.009372	1.002956	0.010890	
-0.029814	-0.031843	-0.026553	-0.030689	-0.034121	-0.030733	-0.035680	-0.034878	-0.030027	-0.026768	-0.026283	-0.033048	-0.027747	-0.033538	-0.035386	-0.027954	0.003991	-0.001253	-0.005133	0.014204	-0.029073	-0.031977	-0.034079	-0.026906	-0.037658	-0.032601	-0.035641	-0.022252	-0.023563	-0.011312	0.001004	-0.020086	-0.018283	-0.012019	-0.020172	-0.027816	-0.026840	-0.019940	-0.022281	-0.026419	-0.027925	-0.026808	-0.015017	0.027398	0.023353	0.010890	0.956617	
