0.000000	0.327463	0.326380	0.326297	0.331877	0.333040	0.331378	0.332261	0.328305	0.328955	0.328929	0.326202	0.334445	0.334071	0.333002	0.334052	0.327885	0.330438	0.330936	0.324506	0.336032	0.335320	0.336495	0.334975	0.333241	0.333428	0.333803	0.332916	0.334078	0.328787	0.331521	0.333293	0.333325	0.332003	0.330812	0.332385	0.332828	0.332069	0.331656	0.334273	0.334638	0.332317	0.332554	0.330261	0.330510	0.333753	0.329523	0.334955	
0.327463	0.000000	0.326482	0.326883	0.332004	0.332828	0.331722	0.331920	0.328491	0.328482	0.328317	0.327309	0.334000	0.333884	0.332645	0.333078	0.327980	0.330098	0.331023	0.324096	0.334890	0.334949	0.335520	0.334808	0.333072	0.333126	0.333755	0.333756	0.334295	0.328840	0.331248	0.333980	0.334148	0.332389	0.331727	0.331749	0.332761	0.332550	0.331142	0.333667	0.333446	0.331978	0.332830	0.331611	0.332382	0.333440	0.329854	0.334807	
0.326380	0.326482	0.000000	0.326379	0.331431	0.332986	0.332336	0.332250	0.327559	0.327727	0.327797	0.326459	0.333256	0.333833	0.332521	0.332800	0.326613	0.328850	0.330391	0.321745	0.335397	0.335220	0.336131	0.334608	0.333143	0.333126	0.333790	0.332139	0.332686	0.327041	0.329222	0.332441	0.331955	0.331419	0.331295	0.331319	0.332627	0.331290	0.331100	0.333035	0.333046	0.332453	0.332044	0.328836	0.330201	0.332467	0.326480	0.333966	
0.326297	0.326883	0.326379	0.000000	0.331536	0.332953	0.331164	0.332130	0.328152	0.327601	0.329017	0.326733	0.334338	0.333138	0.333772	0.332782	0.328875	0.330750	0.332053	0.325089	0.335602	0.335115	0.336080	0.334758	0.333192	0.332895	0.333261	0.332859	0.332958	0.329852	0.330112	0.333096	0.334208	0.332106	0.332010	0.330436	0.332493	0.331421	0.331130	0.333047	0.334064	0.331914	0.331932	0.330376	0.331240	0.332439	0.329419	0.334406	
0.331877	0.332004	0.331431	0.331536	0.000000	0.325214	0.325764	0.326384	0.332150	0.332779	0.331880	0.330453	0.332191	0.331067	0.330436	0.331848	0.326847	0.328984	0.330903	0.323169	0.335333	0.335034	0.335427	0.335083	0.331005	0.331757	0.333240	0.331158	0.331711	0.325181	0.329109	0.331846	0.331420	0.330564	0.329237	0.326955	0.327117	0.326546	0.325681	0.331261	0.330267	0.327328	0.330585	0.330065	0.328876	0.331841	0.329143	0.332419	
0.333040	0.332828	0.332986	0.332953	0.325214	0.000000	0.326066	0.327205	0.333448	0.333506	0.333364	0.332826	0.333482	0.333587	0.332682	0.333157	0.327372	0.330125	0.331099	0.323625	0.336266	0.335753	0.336665	0.335189	0.333823	0.333142	0.335015	0.332630	0.332309	0.327969	0.328979	0.333242	0.332432	0.330525	0.331397	0.329019	0.327757	0.327988	0.327122	0.331846	0.330620	0.327902	0.328999	0.329765	0.329331	0.332501	0.328699	0.334595	
0.331378	0.331722	0.332336	0.331164	0.325764	0.326066	0.000000	0.326118	0.331751	0.332545	0.332124	0.330017	0.333274	0.331423	0.332618	0.333130	0.327925	0.330214	0.331871	0.324895	0.335592	0.335396	0.335561	0.335615	0.331952	0.330945	0.332012	0.332614	0.332148	0.329265	0.330659	0.332935	0.332788	0.332185	0.332002	0.329711	0.328941	0.329217	0.329080	0.331981	0.331421	0.329757	0.331714	0.331332	0.331198	0.332613	0.330886	0.333773	
0.332261	0.331920	0.332250	0.332130	0.326384	0.327205	0.326118	0.000000	0.333535	0.332839	0.333573	0.332008	0.334086	0.332610	0.332554	0.332857	0.328147	0.331066	0.332384	0.325492	0.335571	0.335364	0.335821	0.335008	0.332148	0.331766	0.332933	0.332096	0.332605	0.328491	0.330284	0.334107	0.333839	0.330653	0.331737	0.329725	0.329505	0.329716	0.328623	0.333113	0.331489	0.330189	0.333333	0.331824	0.331065	0.332867	0.330732	0.334236	
0.328305	0.328491	0.327559	0.328152	0.332150	0.333448	0.331751	0.333535	0.000000	0.325806	0.325138	0.321877	0.334304	0.334077	0.332995	0.332730	0.328388	0.329825	0.331993	0.323524	0.335597	0.335250	0.336138	0.335080	0.335278	0.334511	0.334953	0.332849	0.333397	0.328613	0.329753	0.332724	0.333338	0.332285	0.331555	0.331263	0.331764	0.333239	0.331674	0.332901	0.333479	0.331767	0.332401	0.330369	0.330784	0.332694	0.328816	0.333715	
0.328955	0.328482	0.327727	0.327601	0.332779	0.333506	0.332545	0.332839	0.325806	0.000000	0.324435	0.323589	0.334577	0.334899	0.333603	0.333663	0.326457	0.328859	0.329971	0.322282	0.336699	0.336154	0.336557	0.335139	0.333651	0.334098	0.334707	0.333123	0.333499	0.328592	0.329071	0.333228	0.333167	0.332040	0.331709	0.331342	0.331575	0.331694	0.331137	0.331884	0.333070	0.332000	0.331560	0.329767	0.329711	0.332498	0.328316	0.335139	
0.328929	0.328317	0.327797	0.329017	0.331880	0.333364	0.332124	0.333573	0.325138	0.324435	0.000000	0.322226	0.334523	0.333976	0.333656	0.333783	0.327176	0.329348	0.329844	0.323234	0.336165	0.335608	0.335734	0.333895	0.333915	0.332569	0.334545	0.332589	0.333977	0.329390	0.329812	0.332594	0.333865	0.332491	0.331332	0.331920	0.332025	0.331680	0.331768	0.333638	0.333204	0.332894	0.332445	0.330268	0.329349	0.332574	0.327962	0.334562	
0.326202	0.327309	0.326459	0.326733	0.330453	0.332826	0.330017	0.332008	0.321877	0.323589	0.322226	0.000000	0.332487	0.332744	0.330011	0.331619	0.327185	0.329543	0.330969	0.322300	0.334902	0.334878	0.335013	0.333567	0.331329	0.332438	0.334383	0.332640	0.332906	0.326834	0.330105	0.331657	0.332973	0.330594	0.329508	0.329093	0.330070	0.329084	0.328422	0.332153	0.331884	0.329550	0.331104	0.330165	0.330282	0.331933	0.328027	0.331757	
0.334445	0.334000	0.333256	0.334338	0.332191	0.333482	0.333274	0.334086	0.334304	0.334577	0.334523	0.332487	0.000000	0.327157	0.329350	0.329037	0.323485	0.326329	0.327097	0.319697	0.335487	0.335512	0.336448	0.335509	0.331776	0.332358	0.333032	0.332947	0.332501	0.328052	0.328946	0.334116	0.333536	0.331141	0.331203	0.332664	0.332926	0.331744	0.331604	0.333847	0.334472	0.332678	0.332824	0.330790	0.329056	0.332554	0.328898	0.333505	
0.334071	0.333884	0.333833	0.333138	0.331067	0.333587	0.331423	0.332610	0.334077	0.334899	0.333976	0.332744	0.327157	0.000000	0.329406	0.329198	0.326334	0.327757	0.328735	0.321872	0.335487	0.334813	0.336051	0.335207	0.331266	0.330798	0.331875	0.333272	0.333855	0.328433	0.331834	0.334710	0.333904	0.331678	0.331793	0.332632	0.333229	0.332746	0.332381	0.334289	0.334580	0.332036	0.334273	0.331295	0.330968	0.333175	0.330438	0.332881	
0.333002	0.332645	0.332521	0.333772	0.330436	0.332682	0.332618	0.332554	0.332995	0.333603	0.333656	0.330011	0.329350	0.329406	0.000000	0.328274	0.325622	0.327198	0.328210	0.321912	0.334783	0.334407	0.335108	0.334367	0.329177	0.331369	0.332693	0.332457	0.332419	0.326830	0.330580	0.333141	0.333094	0.331394	0.329080	0.330006	0.331125	0.331179	0.329687	0.333521	0.334264	0.330776	0.333509	0.331519	0.331390	0.333770	0.330551	0.330814	
0.334052	0.333078	0.332800	0.332782	0.331848	0.333157	0.333130	0.332857	0.332730	0.333663	0.333783	0.331619	0.329037	0.329198	0.328274	0.000000	0.325345	0.328195	0.329217	0.321742	0.335232	0.335663	0.336140	0.334672	0.331715	0.332132	0.333622	0.332966	0.333694	0.327969	0.330372	0.333184	0.332843	0.331588	0.331091	0.332759	0.332135	0.331083	0.331463	0.333980	0.334572	0.333010	0.333483	0.329448	0.329933	0.332160	0.328023	0.333464	
0.327885	0.327980	0.326613	0.328875	0.326847	0.327372	0.327925	0.328147	0.328388	0.326457	0.327176	0.327185	0.323485	0.326334	0.325622	0.325345	0.000000	0.283846	0.288624	0.263639	0.330789	0.332212	0.332577	0.329121	0.325093	0.323007	0.325018	0.324475	0.325409	0.313821	0.311404	0.322176	0.322557	0.318304	0.321620	0.325199	0.324710	0.321114	0.323216	0.326381	0.327033	0.324882	0.322844	0.312328	0.311184	0.320884	0.306213	0.325072	
0.330438	0.330098	0.328850	0.330750	0.328984	0.330125	0.330214	0.331066	0.329825	0.328859	0.329348	0.329543	0.326329	0.327757	0.327198	0.328195	0.283846	0.000000	0.293696	0.276674	0.332871	0.333213	0.334792	0.332056	0.326210	0.326157	0.326559	0.327233	0.327872	0.318068	0.316429	0.325667	0.324990	0.321898	0.324674	0.327247	0.327094	0.324296	0.325481	0.328846	0.329091	0.326997	0.326150	0.316698	0.315798	0.323825	0.311118	0.326834	
0.330936	0.331023	0.330391	0.332053	0.330903	0.331099	0.331871	0.332384	0.331993	0.329971	0.329844	0.330969	0.327097	0.328735	0.328210	0.329217	0.288624	0.293696	0.000000	0.279941	0.334065	0.334399	0.335386	0.332362	0.328261	0.326692	0.328253	0.328544	0.329662	0.319776	0.318588	0.327433	0.327034	0.324600	0.326563	0.328926	0.329042	0.326311	0.327599	0.330179	0.331332	0.329112	0.327373	0.318816	0.318318	0.326178	0.314124	0.327865	
0.324506	0.324096	0.321745	0.325089	0.323169	0.323625	0.324895	0.325492	0.323524	0.322282	0.323234	0.322300	0.319697	0.321872	0.321912	0.321742	0.263639	0.276674	0.279941	0.000000	0.326624	0.327628	0.328941	0.324830	0.320621	0.319327	0.322378	0.320894	0.321186	0.307725	0.304768	0.317362	0.316876	0.312994	0.316801	0.321506	0.320502	0.316318	0.318447	0.323101	0.322919	0.320532	0.318194	0.306007	0.305058	0.316433	0.297883	0.321497	
0.336032	0.334890	0.335397	0.335602	0.335333	0.336266	0.335592	0.335571	0.335597	0.336699	0.336165	0.334902	0.335487	0.335487	0.334783	0.335232	0.330789	0.332871	0.334065	0.326624	0.000000	0.328698	0.329192	0.329055	0.334944	0.335672	0.336706	0.335609	0.336043	0.331872	0.333327	0.335325	0.335030	0.332803	0.334224	0.335533	0.336204	0.335589	0.334176	0.336770	0.337038	0.335573	0.336226	0.334584	0.333875	0.335593	0.332393	0.333318	
0.335320	0.334949	0.335220	0.335115	0.335034	0.335753	0.335396	0.335364	0.335250	0.336154	0.335608	0.334878	0.335512	0.334813	0.334407	0.335663	0.332212	0.333213	0.334399	0.327628	0.328698	0.000000	0.326773	0.322590	0.334582	0.335060	0.336271	0.335528	0.336930	0.331834	0.333674	0.336289	0.336028	0.333639	0.334131	0.335177	0.335700	0.335821	0.333712	0.335890	0.336769	0.334993	0.335708	0.334753	0.334387	0.335969	0.332662	0.333718	
0.336495	0.335520	0.336131	0.336080	0.335427	0.336665	0.335561	0.335821	0.336138	0.336557	0.335734	0.335013	0.336448	0.336051	0.335108	0.336140	0.332577	0.334792	0.335386	0.328941	0.329192	0.326773	0.000000	0.325619	0.334768	0.335341	0.336495	0.335589	0.336597	0.331840	0.334970	0.336007	0.336371	0.335189	0.335153	0.334860	0.336377	0.336523	0.334734	0.336890	0.337486	0.336037	0.337260	0.335937	0.335106	0.337067	0.333362	0.333439	
0.334975	0.334808	0.334608	0.334758	0.335083	0.335189	0.335615	0.335008	0.335080	0.335139	0.333895	0.333567	0.335509	0.335207	0.334367	0.334672	0.329121	0.332056	0.332362	0.324830	0.329055	0.322590	0.325619	0.000000	0.334499	0.334810	0.336972	0.333711	0.335327	0.328858	0.330488	0.334328	0.334742	0.331669	0.333056	0.333901	0.333710	0.333158	0.332714	0.334628	0.335961	0.333729	0.334416	0.332790	0.332052	0.334509	0.329850	0.332774	
0.333241	0.333072	0.333143	0.333192	0.331005	0.333823	0.331952	0.332148	0.335278	0.333651	0.333915	0.331329	0.331776	0.331266	0.329177	0.331715	0.325093	0.326210	0.328261	0.320621	0.334944	0.334582	0.334768	0.334499	0.000000	0.321958	0.322865	0.334413	0.334435	0.328725	0.332502	0.334442	0.335154	0.332357	0.330326	0.331972	0.332413	0.331413	0.331555	0.334685	0.335112	0.331527	0.334740	0.332877	0.332157	0.334182	0.331766	0.331070	
0.333428	0.333126	0.333126	0.332895	0.331757	0.333142	0.330945	0.331766	0.334511	0.334098	0.332569	0.332438	0.332358	0.330798	0.331369	0.332132	0.323007	0.326157	0.326692	0.319327	0.335672	0.335060	0.335341	0.334810	0.321958	0.000000	0.319721	0.333137	0.334252	0.329883	0.331854	0.333140	0.333241	0.331496	0.331532	0.332912	0.333237	0.332494	0.331580	0.333893	0.334744	0.333508	0.333670	0.331505	0.329843	0.332563	0.329722	0.332397	
0.333803	0.333755	0.333790	0.333261	0.333240	0.335015	0.332012	0.332933	0.334953	0.334707	0.334545	0.334383	0.333032	0.331875	0.332693	0.333622	0.325018	0.326559	0.328253	0.322378	0.336706	0.336271	0.336495	0.336972	0.322865	0.319721	0.000000	0.334809	0.335794	0.330854	0.334525	0.334986	0.335218	0.333047	0.332185	0.334107	0.334671	0.334767	0.332976	0.334498	0.335617	0.333426	0.334973	0.332878	0.331917	0.333873	0.332281	0.333819	
0.332916	0.333756	0.332139	0.332859	0.331158	0.332630	0.332614	0.332096	0.332849	0.333123	0.332589	0.332640	0.332947	0.333272	0.332457	0.332966	0.324475	0.327233	0.328544	0.320894	0.335609	0.335528	0.335589	0.333711	0.334413	0.333137	0.334809	0.000000	0.326444	0.322410	0.321724	0.331992	0.331349	0.328464	0.329955	0.330498	0.331298	0.330400	0.329892	0.331976	0.332627	0.329597	0.331685	0.327483	0.326529	0.330405	0.326254	0.334192	
0.334078	0.334295	0.332686	0.332958	0.331711	0.332309	0.332148	0.332605	0.333397	0.333499	0.333977	0.332906	0.332501	0.333855	0.332419	0.333694	0.325409	0.327872	0.329662	0.321186	0.336043	0.336930	0.336597	0.335327	0.334435	0.334252	0.335794	0.326444	0.000000	0.325424	0.315049	0.332564	0.332132	0.329675	0.330861	0.329953	0.331636	0.330065	0.330238	0.332303	0.332798	0.330655	0.331664	0.327060	0.326747	0.331419	0.325621	0.335209	
0.328787	0.328840	0.327041	0.329852	0.325181	0.327969	0.329265	0.328491	0.328613	0.328592	0.329390	0.326834	0.328052	0.328433	0.326830	0.327969	0.313821	0.318068	0.319776	0.307725	0.331872	0.331834	0.331840	0.328858	0.328725	0.329883	0.330854	0.322410	0.325424	0.000000	0.316496	0.325689	0.324829	0.321801	0.322882	0.323250	0.324286	0.322829	0.322786	0.325925	0.327498	0.323615	0.323993	0.318882	0.319542	0.325602	0.316087	0.328972	
0.331521	0.331248	0.329222	0.330112	0.329109	0.328979	0.330659	0.330284	0.329753	0.329071	0.329812	0.330105	0.328946	0.331834	0.330580	0.330372	0.311404	0.316429	0.318588	0.304768	0.333327	0.333674	0.334970	0.330488	0.332502	0.331854	0.334525	0.321724	0.315049	0.316496	0.000000	0.325972	0.325781	0.320919	0.324879	0.326154	0.326878	0.323487	0.324373	0.327824	0.328854	0.327030	0.324187	0.316045	0.315578	0.324703	0.312713	0.331857	
0.333293	0.333980	0.332441	0.333096	0.331846	0.333242	0.332935	0.334107	0.332724	0.333228	0.332594	0.331657	0.334116	0.334710	0.333141	0.333184	0.322176	0.325667	0.327433	0.317362	0.335325	0.336289	0.336007	0.334328	0.334442	0.333140	0.334986	0.331992	0.332564	0.325689	0.325972	0.000000	0.323723	0.324467	0.325063	0.330529	0.332484	0.330962	0.330718	0.331802	0.332425	0.331898	0.330818	0.327753	0.326435	0.330873	0.325270	0.334390	
0.333325	0.334148	0.331955	0.334208	0.331420	0.332432	0.332788	0.333839	0.333338	0.333167	0.333865	0.332973	0.333536	0.333904	0.333094	0.332843	0.322557	0.324990	0.327034	0.316876	0.335030	0.336028	0.336371	0.334742	0.335154	0.333241	0.335218	0.331349	0.332132	0.324829	0.325781	0.323723	0.000000	0.324279	0.324980	0.330545	0.330963	0.329476	0.330248	0.333016	0.333007	0.331482	0.330367	0.326391	0.325924	0.330659	0.323991	0.334155	
0.332003	0.332389	0.331419	0.332106	0.330564	0.330525	0.332185	0.330653	0.332285	0.332040	0.332491	0.330594	0.331141	0.331678	0.331394	0.331588	0.318304	0.321898	0.324600	0.312994	0.332803	0.333639	0.335189	0.331669	0.332357	0.331496	0.333047	0.328464	0.329675	0.321801	0.320919	0.324467	0.324279	0.000000	0.322881	0.329034	0.328755	0.327969	0.327636	0.330727	0.330347	0.329417	0.328031	0.322910	0.322020	0.328054	0.319988	0.333229	
0.330812	0.331727	0.331295	0.332010	0.329237	0.331397	0.332002	0.331737	0.331555	0.331709	0.331332	0.329508	0.331203	0.331793	0.329080	0.331091	0.321620	0.324674	0.326563	0.316801	0.334224	0.334131	0.335153	0.333056	0.330326	0.331532	0.332185	0.329955	0.330861	0.322882	0.324879	0.325063	0.324980	0.322881	0.000000	0.327397	0.328497	0.326922	0.327829	0.331682	0.331085	0.327928	0.329492	0.325667	0.324741	0.328577	0.323096	0.330825	
0.332385	0.331749	0.331319	0.330436	0.326955	0.329019	0.329711	0.329725	0.331263	0.331342	0.331920	0.329093	0.332664	0.332632	0.330006	0.332759	0.325199	0.327247	0.328926	0.321506	0.335533	0.335177	0.334860	0.333901	0.331972	0.332912	0.334107	0.330498	0.329953	0.323250	0.326154	0.330529	0.330545	0.329034	0.327397	0.000000	0.325342	0.323598	0.322272	0.330524	0.329500	0.327388	0.329384	0.328040	0.327002	0.330821	0.325457	0.331590	
0.332828	0.332761	0.332627	0.332493	0.327117	0.327757	0.328941	0.329505	0.331764	0.331575	0.332025	0.330070	0.332926	0.333229	0.331125	0.332135	0.324710	0.327094	0.329042	0.320502	0.336204	0.335700	0.336377	0.333710	0.332413	0.333237	0.334671	0.331298	0.331636	0.324286	0.326878	0.332484	0.330963	0.328755	0.328497	0.325342	0.000000	0.322743	0.324497	0.329538	0.329349	0.327119	0.328183	0.327795	0.327640	0.330578	0.326236	0.331691	
0.332069	0.332550	0.331290	0.331421	0.326546	0.327988	0.329217	0.329716	0.333239	0.331694	0.331680	0.329084	0.331744	0.332746	0.331179	0.331083	0.321114	0.324296	0.326311	0.316318	0.335589	0.335821	0.336523	0.333158	0.331413	0.332494	0.334767	0.330400	0.330065	0.322829	0.323487	0.330962	0.329476	0.327969	0.326922	0.323598	0.322743	0.000000	0.320334	0.330053	0.329860	0.325568	0.327424	0.324060	0.323805	0.328825	0.322053	0.332476	
0.331656	0.331142	0.331100	0.331130	0.325681	0.327122	0.329080	0.328623	0.331674	0.331137	0.331768	0.328422	0.331604	0.332381	0.329687	0.331463	0.323216	0.325481	0.327599	0.318447	0.334176	0.333712	0.334734	0.332714	0.331555	0.331580	0.332976	0.329892	0.330238	0.322786	0.324373	0.330718	0.330248	0.327636	0.327829	0.322272	0.324497	0.320334	0.000000	0.329785	0.329188	0.325221	0.327312	0.325453	0.325209	0.329234	0.323774	0.331908	
0.334273	0.333667	0.333035	0.333047	0.331261	0.331846	0.331981	0.333113	0.332901	0.331884	0.333638	0.332153	0.333847	0.334289	0.333521	0.333980	0.326381	0.328846	0.330179	0.323101	0.336770	0.335890	0.336890	0.334628	0.334685	0.333893	0.334498	0.331976	0.332303	0.325925	0.327824	0.331802	0.333016	0.330727	0.331682	0.330524	0.329538	0.330053	0.329785	0.000000	0.328404	0.328034	0.326572	0.328957	0.329015	0.333129	0.328075	0.334622	
0.334638	0.333446	0.333046	0.334064	0.330267	0.330620	0.331421	0.331489	0.333479	0.333070	0.333204	0.331884	0.334472	0.334580	0.334264	0.334572	0.327033	0.329091	0.331332	0.322919	0.337038	0.336769	0.337486	0.335961	0.335112	0.334744	0.335617	0.332627	0.332798	0.327498	0.328854	0.332425	0.333007	0.330347	0.331085	0.329500	0.329349	0.329860	0.329188	0.328404	0.000000	0.327297	0.328066	0.329480	0.329711	0.332580	0.327574	0.334881	
0.332317	0.331978	0.332453	0.331914	0.327328	0.327902	0.329757	0.330189	0.331767	0.332000	0.332894	0.329550	0.332678	0.332036	0.330776	0.333010	0.324882	0.326997	0.329112	0.320532	0.335573	0.334993	0.336037	0.333729	0.331527	0.333508	0.333426	0.329597	0.330655	0.323615	0.327030	0.331898	0.331482	0.329417	0.327928	0.327388	0.327119	0.325568	0.325221	0.328034	0.327297	0.000000	0.326043	0.328721	0.327472	0.331079	0.326888	0.331907	
0.332554	0.332830	0.332044	0.331932	0.330585	0.328999	0.331714	0.333333	0.332401	0.331560	0.332445	0.331104	0.332824	0.334273	0.333509	0.333483	0.322844	0.326150	0.327373	0.318194	0.336226	0.335708	0.337260	0.334416	0.334740	0.333670	0.334973	0.331685	0.331664	0.323993	0.324187	0.330818	0.330367	0.328031	0.329492	0.329384	0.328183	0.327424	0.327312	0.326572	0.328066	0.326043	0.000000	0.325033	0.325648	0.330560	0.322407	0.334628	
0.330261	0.331611	0.328836	0.330376	0.330065	0.329765	0.331332	0.331824	0.330369	0.329767	0.330268	0.330165	0.330790	0.331295	0.331519	0.329448	0.312328	0.316698	0.318816	0.306007	0.334584	0.334753	0.335937	0.332790	0.332877	0.331505	0.332878	0.327483	0.327060	0.318882	0.316045	0.327753	0.326391	0.322910	0.325667	0.328040	0.327795	0.324060	0.325453	0.328957	0.329480	0.328721	0.325033	0.000000	0.310713	0.316968	0.302869	0.332675	
0.330510	0.332382	0.330201	0.331240	0.328876	0.329331	0.331198	0.331065	0.330784	0.329711	0.329349	0.330282	0.329056	0.330968	0.331390	0.329933	0.311184	0.315798	0.318318	0.305058	0.333875	0.334387	0.335106	0.332052	0.332157	0.329843	0.331917	0.326529	0.326747	0.319542	0.315578	0.326435	0.325924	0.322020	0.324741	0.327002	0.327640	0.323805	0.325209	0.329015	0.329711	0.327472	0.325648	0.310713	0.000000	0.314907	0.304343	0.332559	
0.333753	0.333440	0.332467	0.332439	0.331841	0.332501	0.332613	0.332867	0.332694	0.332498	0.332574	0.331933	0.332554	0.333175	0.333770	0.332160	0.320884	0.323825	0.326178	0.316433	0.335593	0.335969	0.337067	0.334509	0.334182	0.332563	0.333873	0.330405	0.331419	0.325602	0.324703	0.330873	0.330659	0.328054	0.328577	0.330821	0.330578	0.328825	0.329234	0.333129	0.332580	0.331079	0.330560	0.316968	0.314907	0.000000	0.312383	0.334518	
0.329523	0.329854	0.326480	0.329419	0.329143	0.328699	0.330886	0.330732	0.328816	0.328316	0.327962	0.328027	0.328898	0.330438	0.330551	0.328023	0.306213	0.311118	0.314124	0.297883	0.332393	0.332662	0.333362	0.329850	0.331766	0.329722	0.332281	0.326254	0.325621	0.316087	0.312713	0.325270	0.323991	0.319988	0.323096	0.325457	0.326236	0.322053	0.323774	0.328075	0.327574	0.326888	0.322407	0.302869	0.304343	0.312383	0.000000	0.330396	
0.334955	0.334807	0.333966	0.334406	0.332419	0.334595	0.333773	0.334236	0.333715	0.335139	0.334562	0.331757	0.333505	0.332881	0.330814	0.333464	0.325072	0.326834	0.327865	0.321497	0.333318	0.333718	0.333439	0.332774	0.331070	0.332397	0.333819	0.334192	0.335209	0.328972	0.331857	0.334390	0.334155	0.333229	0.330825	0.331590	0.331691	0.332476	0.331908	0.334622	0.334881	0.331907	0.334628	0.332675	0.332559	0.334518	0.330396	0.000000	
