0.000000	0.262211	0.260415	0.261572	0.266127	0.266874	0.267167	0.267339	0.262001	0.262216	0.262520	0.261679	0.268925	0.269421	0.268315	0.267726	0.260691	0.263254	0.264842	0.255854	0.271428	0.271329	0.272145	0.270587	0.269044	0.269535	0.270021	0.272293	
0.262211	0.000000	0.260739	0.262266	0.266668	0.267020	0.267708	0.267579	0.262185	0.262038	0.262615	0.261903	0.268983	0.269649	0.267986	0.267832	0.261274	0.263059	0.264750	0.256425	0.271366	0.271477	0.271679	0.270810	0.268921	0.269655	0.270237	0.271655	
0.260415	0.260739	0.000000	0.261191	0.266103	0.266075	0.267177	0.266627	0.260851	0.260623	0.261107	0.260525	0.267553	0.268349	0.266587	0.266673	0.259099	0.262342	0.263303	0.253608	0.270372	0.270597	0.271005	0.269321	0.268469	0.268508	0.269351	0.270552	
0.261572	0.262266	0.261191	0.000000	0.266670	0.267147	0.267660	0.267824	0.263146	0.262216	0.262642	0.261745	0.269049	0.268367	0.268565	0.267886	0.262262	0.264825	0.266054	0.257543	0.272333	0.272020	0.272657	0.270884	0.269820	0.269566	0.270409	0.272201	
0.266127	0.266668	0.266103	0.266670	0.000000	0.259069	0.261351	0.261428	0.266397	0.266027	0.266500	0.264956	0.266523	0.267143	0.265738	0.266500	0.259471	0.262664	0.264531	0.255359	0.271530	0.271062	0.271721	0.270318	0.267001	0.267776	0.268984	0.270105	
0.266874	0.267020	0.266075	0.267147	0.259069	0.000000	0.261535	0.261910	0.267423	0.266738	0.266557	0.266456	0.268356	0.268720	0.267635	0.267226	0.259761	0.263096	0.264233	0.255255	0.271665	0.271138	0.272464	0.269679	0.269547	0.268952	0.270424	0.271834	
0.267167	0.267708	0.267177	0.267660	0.261351	0.261535	0.000000	0.263119	0.267989	0.267321	0.267205	0.266304	0.269051	0.268970	0.268504	0.268319	0.262070	0.264877	0.265936	0.257504	0.272936	0.272777	0.273494	0.272144	0.269042	0.268658	0.270014	0.272923	
0.267339	0.267579	0.266627	0.267824	0.261428	0.261910	0.263119	0.000000	0.267680	0.266906	0.267936	0.267654	0.268737	0.269228	0.267659	0.268449	0.261933	0.264491	0.265626	0.257317	0.272065	0.271899	0.272893	0.271387	0.268656	0.269198	0.269701	0.272143	
0.262001	0.262185	0.260851	0.263146	0.266397	0.267423	0.267989	0.267680	0.000000	0.258594	0.258295	0.256130	0.268089	0.268590	0.267816	0.267132	0.260192	0.263444	0.264384	0.255043	0.270987	0.270943	0.271610	0.270097	0.269884	0.269724	0.270330	0.271106	
0.262216	0.262038	0.260623	0.262216	0.266027	0.266738	0.267321	0.266906	0.258594	0.000000	0.257098	0.257485	0.267679	0.268774	0.267911	0.267299	0.258644	0.261970	0.262653	0.253532	0.271463	0.271494	0.272260	0.269732	0.268913	0.268988	0.269503	0.271354	
0.262520	0.262615	0.261107	0.262642	0.266500	0.266557	0.267205	0.267936	0.258295	0.257098	0.000000	0.256688	0.268208	0.268704	0.267313	0.267144	0.259321	0.262344	0.263004	0.253930	0.271053	0.271248	0.271394	0.269071	0.268775	0.268716	0.269465	0.270669	
0.261679	0.261903	0.260525	0.261745	0.264956	0.266456	0.266304	0.267654	0.256130	0.257485	0.256688	0.000000	0.267940	0.268636	0.265621	0.266419	0.260765	0.263355	0.264353	0.255099	0.270784	0.270931	0.271149	0.269517	0.267539	0.269118	0.270061	0.269728	
0.268925	0.268983	0.267553	0.269049	0.266523	0.268356	0.269051	0.268737	0.268089	0.267679	0.268208	0.267940	0.000000	0.262093	0.265013	0.263485	0.257170	0.259872	0.260723	0.252337	0.270948	0.271359	0.272883	0.270930	0.267657	0.268145	0.268242	0.270679	
0.269421	0.269649	0.268349	0.268367	0.267143	0.268720	0.268970	0.269228	0.268590	0.268774	0.268704	0.268636	0.262093	0.000000	0.265411	0.264517	0.259679	0.262444	0.262797	0.254432	0.272372	0.271853	0.273483	0.271439	0.268160	0.268523	0.269279	0.271576	
0.268315	0.267986	0.266587	0.268565	0.265738	0.267635	0.268504	0.267659	0.267816	0.267911	0.267313	0.265621	0.265013	0.265411	0.000000	0.263412	0.259008	0.261865	0.262506	0.254139	0.271087	0.271513	0.272047	0.270602	0.266006	0.268281	0.268968	0.269047	
0.267726	0.267832	0.266673	0.267886	0.266500	0.267226	0.268319	0.268449	0.267132	0.267299	0.267144	0.266419	0.263485	0.264517	0.263412	0.000000	0.258684	0.261936	0.263014	0.254079	0.271024	0.271715	0.272798	0.269924	0.267248	0.268386	0.269448	0.271552	
0.260691	0.261274	0.259099	0.262262	0.259471	0.259761	0.262070	0.261933	0.260192	0.258644	0.259321	0.260765	0.257170	0.259679	0.259008	0.258684	0.000000	0.221043	0.225441	0.203641	0.265206	0.266256	0.267998	0.263821	0.258433	0.257817	0.259396	0.260551	
0.263254	0.263059	0.262342	0.264825	0.262664	0.263096	0.264877	0.264491	0.263444	0.261970	0.262344	0.263355	0.259872	0.262444	0.261865	0.261936	0.221043	0.000000	0.230100	0.215000	0.268030	0.268335	0.269924	0.266743	0.260978	0.261148	0.262205	0.262740	
0.264842	0.264750	0.263303	0.266054	0.264531	0.264233	0.265936	0.265626	0.264384	0.262653	0.263004	0.264353	0.260723	0.262797	0.262506	0.263014	0.225441	0.230100	0.000000	0.217905	0.268947	0.268940	0.271029	0.266897	0.262265	0.261948	0.263007	0.263786	
0.255854	0.256425	0.253608	0.257543	0.255359	0.255255	0.257504	0.257317	0.255043	0.253532	0.253930	0.255099	0.252337	0.254432	0.254139	0.254079	0.203641	0.215000	0.217905	0.000000	0.259879	0.260999	0.262691	0.258540	0.253680	0.253217	0.254991	0.255938	
0.271428	0.271366	0.270372	0.272333	0.271530	0.271665	0.272936	0.272065	0.270987	0.271463	0.271053	0.270784	0.270948	0.272372	0.271087	0.271024	0.265206	0.268030	0.268947	0.259879	0.000000	0.265988	0.265658	0.265637	0.271326	0.272879	0.274034	0.271354	
0.271329	0.271477	0.270597	0.272020	0.271062	0.271138	0.272777	0.271899	0.270943	0.271494	0.271248	0.270931	0.271359	0.271853	0.271513	0.271715	0.266256	0.268335	0.268940	0.260999	0.265988	0.000000	0.264163	0.258029	0.271382	0.272687	0.273373	0.271467	
0.272145	0.271679	0.271005	0.272657	0.271721	0.272464	0.273494	0.272893	0.271610	0.272260	0.271394	0.271149	0.272883	0.273483	0.272047	0.272798	0.267998	0.269924	0.271029	0.262691	0.265658	0.264163	0.000000	0.261433	0.272473	0.273184	0.274109	0.271704	
0.270587	0.270810	0.269321	0.270884	0.270318	0.269679	0.272144	0.271387	0.270097	0.269732	0.269071	0.269517	0.270930	0.271439	0.270602	0.269924	0.263821	0.266743	0.266897	0.258540	0.265637	0.258029	0.261433	0.000000	0.271395	0.271373	0.273361	0.270838	
0.269044	0.268921	0.268469	0.269820	0.267001	0.269547	0.269042	0.268656	0.269884	0.268913	0.268775	0.267539	0.267657	0.268160	0.266006	0.267248	0.258433	0.260978	0.262265	0.253680	0.271326	0.271382	0.272473	0.271395	0.000000	0.259694	0.260464	0.269568	
0.269535	0.269655	0.268508	0.269566	0.267776	0.268952	0.268658	0.269198	0.269724	0.268988	0.268716	0.269118	0.268145	0.268523	0.268281	0.268386	0.257817	0.261148	0.261948	0.253217	0.272879	0.272687	0.273184	0.271373	0.259694	0.000000	0.257769	0.271679	
0.270021	0.270237	0.269351	0.270409	0.268984	0.270424	0.270014	0.269701	0.270330	0.269503	0.269465	0.270061	0.268242	0.269279	0.268968	0.269448	0.259396	0.262205	0.263007	0.254991	0.274034	0.273373	0.274109	0.273361	0.260464	0.257769	0.000000	0.272120	
0.272293	0.271655	0.270552	0.272201	0.270105	0.271834	0.272923	0.272143	0.271106	0.271354	0.270669	0.269728	0.270679	0.271576	0.269047	0.271552	0.260551	0.262740	0.263786	0.255938	0.271354	0.271467	0.271704	0.270838	0.269568	0.271679	0.272120	0.000000	
