0.998136	-0.069714	-0.069588	-0.061349	-0.033767	-0.067811	-0.065898	-0.063092	-0.064900	-0.062513	-0.066421	-0.032910	-0.064961	-0.062471	-0.062631	-0.065995	-0.030683	-0.063492	
-0.069714	0.983230	-0.033531	-0.072078	-0.070694	-0.029138	-0.029394	-0.068172	-0.051677	-0.070129	-0.051237	-0.070263	-0.071448	-0.068969	-0.052258	-0.049490	-0.066588	-0.068429	
-0.069588	-0.033531	0.985048	-0.073107	-0.069767	-0.035348	-0.027415	-0.068775	-0.047616	-0.073094	-0.048608	-0.069731	-0.068813	-0.074730	-0.051940	-0.044925	-0.070259	-0.067808	
-0.061349	-0.072078	-0.073107	1.023715	-0.063844	-0.072833	-0.071927	-0.040967	-0.071300	-0.054917	-0.071228	-0.060079	-0.020579	-0.055378	-0.066777	-0.070856	-0.064072	-0.042731	
-0.033767	-0.070694	-0.069767	-0.063844	1.007151	-0.066511	-0.071619	-0.062561	-0.065075	-0.062800	-0.065776	-0.035227	-0.064523	-0.062757	-0.064558	-0.065068	-0.032104	-0.060640	
-0.067811	-0.029138	-0.035348	-0.072833	-0.066511	0.980319	-0.033358	-0.069651	-0.049509	-0.070584	-0.048825	-0.069745	-0.070151	-0.070904	-0.050116	-0.048196	-0.067857	-0.069722	
-0.065898	-0.029394	-0.027415	-0.071927	-0.071619	-0.033358	0.974313	-0.068151	-0.049000	-0.076377	-0.048808	-0.065261	-0.070136	-0.074230	-0.049876	-0.047381	-0.070580	-0.064792	
-0.063092	-0.068172	-0.068775	-0.040967	-0.062561	-0.069651	-0.068151	1.011229	-0.068222	-0.058326	-0.065773	-0.061297	-0.036582	-0.059457	-0.068168	-0.064753	-0.061038	-0.036453	
-0.064900	-0.051677	-0.047616	-0.071300	-0.065075	-0.049509	-0.049000	-0.068222	0.989516	-0.069423	-0.043841	-0.065499	-0.070449	-0.070529	-0.040448	-0.039369	-0.064091	-0.068574	
-0.062513	-0.070129	-0.073094	-0.054917	-0.062800	-0.070584	-0.076377	-0.058326	-0.069423	1.031031	-0.071200	-0.066544	-0.053062	0.016579	-0.071060	-0.071271	-0.068359	-0.058350	
-0.066421	-0.051237	-0.048608	-0.071228	-0.065776	-0.048825	-0.048808	-0.065773	-0.043841	-0.071200	0.996038	-0.065904	-0.070681	-0.071954	-0.041217	-0.040900	-0.066021	-0.067697	
-0.032910	-0.070263	-0.069731	-0.060079	-0.035227	-0.069745	-0.065261	-0.061297	-0.065499	-0.066544	-0.065904	0.992965	-0.061328	-0.064284	-0.064528	-0.067780	-0.025507	-0.057091	
-0.064961	-0.071448	-0.068813	-0.020579	-0.064523	-0.070151	-0.070136	-0.036582	-0.070449	-0.053062	-0.070681	-0.061328	1.013911	-0.054059	-0.070381	-0.069472	-0.065490	-0.042045	
-0.062471	-0.068969	-0.074730	-0.055378	-0.062757	-0.070904	-0.074230	-0.059457	-0.070529	0.016579	-0.071954	-0.064284	-0.054059	1.026837	-0.069696	-0.070908	-0.065781	-0.057682	
-0.062631	-0.052258	-0.051940	-0.066777	-0.064558	-0.050116	-0.049876	-0.068168	-0.040448	-0.071060	-0.041217	-0.064528	-0.070381	-0.069696	0.992280	-0.044008	-0.065440	-0.069203	
-0.065995	-0.049490	-0.044925	-0.070856	-0.065068	-0.048196	-0.047381	-0.064753	-0.039369	-0.071271	-0.040900	-0.067780	-0.069472	-0.070908	-0.044008	0.981427	-0.064780	-0.066220	
-0.030683	-0.066588	-0.070259	-0.064072	-0.032104	-0.067857	-0.070580	-0.061038	-0.064091	-0.068359	-0.066021	-0.025507	-0.065490	-0.065781	-0.065440	-0.064780	1.000357	-0.061806	
-0.063492	-0.068429	-0.067808	-0.042731	-0.060640	-0.069722	-0.064792	-0.036453	-0.068574	-0.058350	-0.067697	-0.057091	-0.042045	-0.057682	-0.069203	-0.066220	-0.061806	1.012520	
