0.000000	0.334800	0.335271	0.335828	0.323588	0.333629	0.332107	0.335509	0.333510	0.337229	0.334795	0.321049	0.336285	0.336399	0.333005	0.333247	0.321287	0.335813	
0.334800	0.000000	0.318804	0.338762	0.336485	0.316307	0.315418	0.336295	0.326198	0.338583	0.326809	0.334475	0.337935	0.337612	0.326850	0.324638	0.334060	0.336083	
0.335271	0.318804	0.000000	0.339416	0.336600	0.318938	0.314912	0.336693	0.325054	0.340245	0.326086	0.334587	0.336875	0.340386	0.327113	0.322852	0.335736	0.336303	
0.335828	0.338762	0.339416	0.000000	0.337917	0.338513	0.337318	0.330067	0.338943	0.337555	0.339777	0.334985	0.323849	0.336976	0.337658	0.338103	0.337139	0.331440	
0.323588	0.336485	0.336600	0.337917	0.000000	0.334344	0.335590	0.336760	0.335026	0.338355	0.335849	0.323402	0.337521	0.337951	0.335044	0.333940	0.323032	0.335698	
0.333629	0.316307	0.318938	0.338513	0.334344	0.000000	0.316455	0.336252	0.324848	0.338651	0.325550	0.333725	0.336757	0.337844	0.325434	0.323449	0.334156	0.336289	
0.332107	0.315418	0.314912	0.337318	0.335590	0.316455	0.000000	0.334915	0.323873	0.340085	0.324571	0.331905	0.335718	0.338871	0.324523	0.322396	0.334247	0.333750	
0.335509	0.336295	0.336693	0.330067	0.336760	0.336252	0.334915	0.000000	0.336750	0.337858	0.336860	0.334092	0.327649	0.337642	0.336888	0.334404	0.335239	0.327573	
0.333510	0.326198	0.325054	0.338943	0.335026	0.324848	0.323873	0.336750	0.000000	0.339099	0.324572	0.333180	0.337882	0.339076	0.322933	0.321267	0.333535	0.336949	
0.337229	0.338583	0.340245	0.337555	0.338355	0.338651	0.340085	0.337858	0.339099	0.000000	0.340835	0.337964	0.336037	0.313148	0.340222	0.339076	0.339709	0.337781	
0.334795	0.326809	0.326086	0.339777	0.335849	0.325550	0.324571	0.336860	0.324572	0.340835	0.000000	0.334184	0.338823	0.340204	0.323894	0.322715	0.335078	0.337149	
0.321049	0.334475	0.334587	0.334985	0.323402	0.333725	0.331905	0.334092	0.333180	0.337964	0.334184	0.000000	0.334390	0.336527	0.332974	0.333186	0.318702	0.333190	
0.336285	0.337935	0.336875	0.323849	0.337521	0.336757	0.335718	0.327649	0.337882	0.336037	0.338823	0.334390	0.000000	0.335768	0.338039	0.336662	0.336936	0.329867	
0.336399	0.337612	0.340386	0.336976	0.337951	0.337844	0.338871	0.337642	0.339076	0.313148	0.340204	0.336527	0.335768	0.000000	0.338899	0.338293	0.338217	0.336953	
0.333005	0.326850	0.327113	0.337658	0.335044	0.325434	0.324523	0.336888	0.322933	0.340222	0.323894	0.332974	0.338039	0.338899	0.000000	0.323260	0.334346	0.337683	
0.333247	0.324638	0.322852	0.338103	0.333940	0.323449	0.322396	0.334404	0.321267	0.339076	0.322715	0.333186	0.336662	0.338293	0.323260	0.000000	0.333110	0.334981	
0.321287	0.334060	0.335736	0.337139	0.323032	0.334156	0.334247	0.335239	0.333535	0.339709	0.335078	0.318702	0.336936	0.338217	0.334346	0.333110	0.000000	0.335608	
0.335813	0.336083	0.336303	0.331440	0.335698	0.336289	0.333750	0.327573	0.336949	0.337781	0.337149	0.333190	0.329867	0.336953	0.337683	0.334981	0.335608	0.000000	
